
################################################################################
# Gelman-Rubin Diagnostic
################################################################################
Generally the Gelman diagnostic should be < 1.05

Out of 267 variables: 4 > 1.01

                      
4 > 1.05

                      
4 > 1.1

The worst variables are:

            Point est. Upper C.I.
p.fac1[2,1]   1.171649   1.265624
p.fac1[1,1]   1.143604   1.221108
p.global[1]   1.143604   1.221108
p.fac1[3,1]   1.110040   1.152969
loglik[233]   1.002499   1.008580
loglik[195]   1.002258   1.008146
loglik[136]   1.001841   1.005272
loglik[227]   1.001695   1.005988
loglik[150]   1.001679   1.004669
p.global[2]   1.001678   1.005428

And here are the Gelman diagnostics for all variables:

              Point est. Upper C.I.
deviance       1.0005896  1.0011435
ilr.fac1[1,1]        NaN        NaN
ilr.fac1[2,1]  1.0001239  1.0009351
ilr.fac1[3,1]  1.0008867  1.0014722
ilr.fac1[1,2]        NaN        NaN
ilr.fac1[2,2]  0.9997543  0.9999895
ilr.fac1[3,2]  1.0002301  1.0012276
ilr.fac1[1,3]        NaN        NaN
ilr.fac1[2,3]  1.0006981  1.0018094
ilr.fac1[3,3]  1.0002527  1.0016604
loglik[1]      1.0011202  1.0036194
loglik[2]      1.0002411  1.0014420
loglik[3]      1.0006189  1.0024295
loglik[4]      1.0000649  1.0010878
loglik[5]      1.0003694  1.0011334
loglik[6]      1.0002832  1.0012229
loglik[7]      1.0010764  1.0037433
loglik[8]      1.0001277  1.0009375
loglik[9]      1.0005059  1.0017138
loglik[10]     1.0005559  1.0018228
loglik[11]     1.0004429  1.0014027
loglik[12]     1.0003601  1.0019892
loglik[13]     1.0002958  1.0014470
loglik[14]     1.0001539  1.0012113
loglik[15]     1.0004328  1.0012983
loglik[16]     1.0005555  1.0021385
loglik[17]     1.0008933  1.0032004
loglik[18]     0.9999195  1.0005727
loglik[19]     1.0014277  1.0054171
loglik[20]     1.0007366  1.0028417
loglik[21]     1.0003630  1.0011646
loglik[22]     1.0003437  1.0011279
loglik[23]     1.0002079  1.0009648
loglik[24]     1.0002670  1.0012598
loglik[25]     1.0010439  1.0024236
loglik[26]     1.0004897  1.0016168
loglik[27]     0.9999157  1.0003621
loglik[28]     1.0000395  1.0009064
loglik[29]     1.0006041  1.0019358
loglik[30]     1.0004919  1.0018344
loglik[31]     1.0003362  1.0020760
loglik[32]     1.0000061  1.0008578
loglik[33]     1.0001636  1.0014119
loglik[34]     1.0000922  1.0009249
loglik[35]     1.0011449  1.0038184
loglik[36]     1.0001113  1.0009519
loglik[37]     1.0001046  1.0009848
loglik[38]     1.0005306  1.0019876
loglik[39]     1.0003240  1.0013216
loglik[40]     1.0002140  1.0011456
loglik[41]     1.0008556  1.0030526
loglik[42]     1.0006077  1.0025514
loglik[43]     1.0000956  1.0011394
loglik[44]     1.0000852  1.0009987
loglik[45]     1.0008213  1.0026895
loglik[46]     1.0007035  1.0027349
loglik[47]     1.0004560  1.0017197
loglik[48]     1.0009266  1.0021892
loglik[49]     1.0005111  1.0022796
loglik[50]     1.0003862  1.0020031
loglik[51]     1.0003573  1.0011984
loglik[52]     1.0003095  1.0016049
loglik[53]     1.0000696  1.0009239
loglik[54]     1.0000298  1.0009831
loglik[55]     1.0004562  1.0015720
loglik[56]     1.0008282  1.0030178
loglik[57]     1.0004320  1.0023845
loglik[58]     1.0009277  1.0030772
loglik[59]     1.0007457  1.0018621
loglik[60]     1.0007371  1.0028273
loglik[61]     1.0000797  1.0009540
loglik[62]     0.9999821  1.0004204
loglik[63]     1.0001869  1.0011623
loglik[64]     1.0002730  1.0010647
loglik[65]     1.0002067  1.0013867
loglik[66]     1.0005104  1.0027420
loglik[67]     1.0007229  1.0026665
loglik[68]     1.0007179  1.0024019
loglik[69]     1.0007431  1.0034324
loglik[70]     1.0006767  1.0022759
loglik[71]     1.0007543  1.0025403
loglik[72]     1.0005569  1.0022894
loglik[73]     1.0002662  1.0015903
loglik[74]     0.9999259  1.0001984
loglik[75]     1.0012846  1.0051017
loglik[76]     1.0001232  1.0009284
loglik[77]     1.0013349  1.0055149
loglik[78]     1.0000845  1.0009772
loglik[79]     1.0012819  1.0055950
loglik[80]     1.0000433  1.0009483
loglik[81]     1.0003629  1.0011990
loglik[82]     1.0005600  1.0021801
loglik[83]     1.0004574  1.0019265
loglik[84]     1.0004241  1.0013115
loglik[85]     1.0012647  1.0031992
loglik[86]     1.0004213  1.0013652
loglik[87]     1.0001576  1.0010334
loglik[88]     1.0006453  1.0019591
loglik[89]     1.0003351  1.0014920
loglik[90]     1.0003271  1.0011003
loglik[91]     1.0002275  1.0016757
loglik[92]     1.0001906  1.0009556
loglik[93]     0.9998892  1.0003571
loglik[94]     1.0000944  1.0010196
loglik[95]     1.0003923  1.0017899
loglik[96]     1.0001534  1.0009417
loglik[97]     1.0003229  1.0014650
loglik[98]     1.0000614  1.0009603
loglik[99]     1.0001340  1.0009391
loglik[100]    1.0012050  1.0028985
loglik[101]    1.0003771  1.0012753
loglik[102]    1.0004784  1.0016218
loglik[103]    1.0004257  1.0014557
loglik[104]    1.0009030  1.0027692
loglik[105]    1.0011328  1.0036407
loglik[106]    1.0003632  1.0012781
loglik[107]    1.0012282  1.0032594
loglik[108]    1.0011852  1.0034919
loglik[109]    1.0004238  1.0013549
loglik[110]    1.0000885  1.0008108
loglik[111]    1.0005416  1.0018299
loglik[112]    1.0002632  1.0010836
loglik[113]    1.0002593  1.0015324
loglik[114]    1.0012493  1.0034159
loglik[115]    1.0004362  1.0009004
loglik[116]    1.0000259  1.0003185
loglik[117]    1.0000121  1.0006782
loglik[118]    1.0001786  1.0011278
loglik[119]    1.0008669  1.0021711
loglik[120]    1.0008752  1.0020872
loglik[121]    1.0005232  1.0018056
loglik[122]    1.0013801  1.0044411
loglik[123]    1.0003614  1.0015825
loglik[124]    1.0003091  1.0014618
loglik[125]    1.0002653  1.0014581
loglik[126]    0.9999045  1.0001762
loglik[127]    1.0004708  1.0017620
loglik[128]    0.9998745  1.0001132
loglik[129]    0.9999664  1.0004758
loglik[130]    1.0009542  1.0024591
loglik[131]    1.0007427  1.0025725
loglik[132]    1.0001998  1.0012754
loglik[133]    1.0002715  1.0015329
loglik[134]    1.0002979  1.0005573
loglik[135]    0.9999389  1.0001634
loglik[136]    1.0018408  1.0052718
loglik[137]    1.0007962  1.0028149
loglik[138]    1.0004603  1.0017414
loglik[139]    1.0010999  1.0028998
loglik[140]    1.0007036  1.0023411
loglik[141]    1.0005975  1.0023797
loglik[142]    1.0004031  1.0017817
loglik[143]    1.0005572  1.0022214
loglik[144]    1.0007895  1.0021101
loglik[145]    0.9999230  1.0001336
loglik[146]    1.0004377  1.0016967
loglik[147]    1.0003565  1.0015350
loglik[148]    1.0003478  1.0015517
loglik[149]    0.9998527  1.0000981
loglik[150]    1.0016791  1.0046692
loglik[151]    1.0010151  1.0031062
loglik[152]    1.0010941  1.0043606
loglik[153]    1.0011560  1.0038378
loglik[154]    1.0008405  1.0024842
loglik[155]    1.0006084  1.0025289
loglik[156]    1.0009383  1.0035528
loglik[157]    1.0011196  1.0034014
loglik[158]    1.0008606  1.0035859
loglik[159]    1.0009070  1.0031547
loglik[160]    1.0010054  1.0027885
loglik[161]    1.0009365  1.0036549
loglik[162]    0.9999481  1.0000904
loglik[163]    1.0009329  1.0037765
loglik[164]    1.0001560  1.0009668
loglik[165]    1.0001821  1.0010579
loglik[166]    1.0006813  1.0028751
loglik[167]    1.0007334  1.0013416
loglik[168]    1.0002412  1.0013006
loglik[169]    1.0009003  1.0018212
loglik[170]    0.9998775  0.9998872
loglik[171]    1.0004428  1.0023773
loglik[172]    1.0009200  1.0027785
loglik[173]    1.0009930  1.0019626
loglik[174]    1.0002964  1.0015521
loglik[175]    1.0012455  1.0033575
loglik[176]    1.0008616  1.0015727
loglik[177]    1.0011780  1.0030927
loglik[178]    1.0010523  1.0021496
loglik[179]    1.0005510  1.0024911
loglik[180]    0.9997693  1.0000352
loglik[181]    1.0005850  1.0022655
loglik[182]    1.0006762  1.0029370
loglik[183]    1.0011459  1.0040372
loglik[184]    1.0001577  1.0014155
loglik[185]    1.0004068  1.0022854
loglik[186]    1.0008897  1.0027891
loglik[187]    0.9997638  1.0000043
loglik[188]    1.0010741  1.0036806
loglik[189]    1.0013428  1.0053967
loglik[190]    1.0001563  1.0013026
loglik[191]    1.0005603  1.0022414
loglik[192]    1.0006366  1.0031848
loglik[193]    1.0011219  1.0044502
loglik[194]    1.0014128  1.0050597
loglik[195]    1.0022580  1.0081463
loglik[196]    1.0003486  1.0006903
loglik[197]    1.0005835  1.0024334
loglik[198]    1.0000942  1.0005196
loglik[199]    1.0000961  1.0012430
loglik[200]    1.0009340  1.0038844
loglik[201]    1.0011550  1.0030939
loglik[202]    1.0008966  1.0038858
loglik[203]    1.0007152  1.0023320
loglik[204]    1.0008604  1.0030181
loglik[205]    1.0012125  1.0025064
loglik[206]    1.0005055  1.0021969
loglik[207]    1.0008522  1.0025588
loglik[208]    1.0001818  1.0008473
loglik[209]    1.0009242  1.0039360
loglik[210]    0.9998720  0.9998799
loglik[211]    1.0008069  1.0015519
loglik[212]    1.0006188  1.0010955
loglik[213]    1.0004458  1.0020022
loglik[214]    1.0008954  1.0035816
loglik[215]    1.0011916  1.0025124
loglik[216]    1.0002004  1.0003264
loglik[217]    1.0011850  1.0024844
loglik[218]    1.0005638  1.0024476
loglik[219]    1.0010494  1.0032732
loglik[220]    1.0010743  1.0031850
loglik[221]    1.0000294  1.0009776
loglik[222]    1.0006650  1.0025575
loglik[223]    1.0009119  1.0035734
loglik[224]    1.0008524  1.0037139
loglik[225]    1.0008773  1.0039895
loglik[226]    1.0009071  1.0040665
loglik[227]    1.0016950  1.0059876
loglik[228]    0.9999692  1.0006929
loglik[229]    1.0004190  1.0024097
loglik[230]    0.9998504  1.0001993
loglik[231]    1.0001559  1.0007879
loglik[232]    1.0005751  1.0028289
loglik[233]    1.0024992  1.0085798
loglik[234]    1.0000859  1.0009388
loglik[235]    1.0004645  1.0021891
loglik[236]    1.0016149  1.0059692
loglik[237]    1.0000110  1.0004349
loglik[238]    1.0003002  1.0014219
loglik[239]    1.0006848  1.0032985
p.fac1[1,1]    1.1436038  1.2211080
p.fac1[2,1]    1.1716487  1.2656245
p.fac1[3,1]    1.1100403  1.1529691
p.fac1[1,2]    1.0016775  1.0054277
p.fac1[2,2]    1.0007300  1.0019065
p.fac1[3,2]    1.0003825  1.0022575
p.fac1[1,3]    0.9999139  1.0003411
p.fac1[2,3]    1.0000389  1.0001177
p.fac1[3,3]    0.9999118  1.0005581
p.fac1[1,4]    1.0004562  1.0013443
p.fac1[2,4]    1.0003306  1.0007311
p.fac1[3,4]    1.0001196  1.0004662
p.global[1]    1.1436038  1.2211080
p.global[2]    1.0016775  1.0054277
p.global[3]    0.9999139  1.0003411
p.global[4]    1.0004562  1.0013443
resid.prop[1]  1.0001249  1.0007969
resid.prop[2]  1.0006453  1.0031470

################################################################################
# Geweke Diagnostic
################################################################################
The Geweke diagnostic is a standard z-score, so we'd expect 5% to be outside +/-1.96
Number of variables outside +/-1.96 in each chain (out of 
267
):

       Chain 1 Chain 2 Chain 3
Geweke       0      55      17

And here are the Geweke diagnostics for all variables:


