
################################################################################
# Gelman-Rubin Diagnostic
################################################################################

Generally the Gelman diagnostic should be < 1.05


Out of 388 variables: 1 > 1.01

                      
0 > 1.05

                      
0 > 1.1


The worst variables are:

            Point est. Upper C.I.
p.ind[1,3]    1.012533   1.013820
p.ind[2,3]    1.006024   1.006489
p.ind[12,3]   1.003085   1.003288
p.ind[3,3]    1.003085   1.003288
p.ind[5,3]    1.003085   1.003288
p.ind[59,4]   1.001787   1.002937
p.ind[16,4]   1.001721   1.003032
p.ind[17,4]   1.001721   1.003032
loglik[1]     1.001566   1.003018
p.ind[65,4]   1.001230   1.002229


And here are the Gelman diagnostics for all variables:

              Point est. Upper C.I.
deviance       1.0001667  1.0002642
ilr.cont1[1]   0.9999383  1.0001864
ilr.cont1[2]   0.9999495  1.0002155
ilr.cont1[3]   0.9999478  1.0001117
ilr.global[1]  1.0000172  1.0003842
ilr.global[2]  1.0001567  1.0006944
ilr.global[3]  1.0002254  1.0007763
loglik[1]      1.0015663  1.0030180
loglik[10]     1.0000594  1.0003994
loglik[11]     1.0007073  1.0030475
loglik[12]     1.0001684  1.0002384
loglik[13]     1.0001213  1.0003627
loglik[14]     1.0000958  1.0006840
loglik[15]     1.0000355  1.0005286
loglik[16]     1.0007143  1.0025283
loglik[17]     1.0007804  1.0027146
loglik[18]     1.0000001  1.0000873
loglik[19]     0.9999158  0.9999839
loglik[2]      1.0002590  1.0009515
loglik[20]     1.0001136  1.0006623
loglik[21]     1.0003812  1.0005339
loglik[22]     1.0002511  1.0011385
loglik[23]     0.9998747  0.9998774
loglik[24]     1.0001155  1.0007788
loglik[25]     1.0001067  1.0007395
loglik[26]     1.0001599  1.0007700
loglik[27]     0.9999099  1.0000584
loglik[28]     1.0002528  1.0007867
loglik[29]     1.0000291  1.0004385
loglik[3]      1.0000094  1.0001537
loglik[30]     1.0000203  1.0003563
loglik[31]     0.9999520  1.0000936
loglik[32]     1.0002808  1.0011928
loglik[33]     1.0004036  1.0007092
loglik[34]     1.0003197  1.0006462
loglik[35]     1.0001304  1.0004050
loglik[36]     1.0001759  1.0007097
loglik[37]     1.0001465  1.0007015
loglik[38]     1.0001602  1.0007349
loglik[39]     0.9999127  1.0001000
loglik[4]      1.0000938  1.0007258
loglik[40]     1.0001242  1.0005260
loglik[41]     1.0002860  1.0010198
loglik[42]     1.0000753  1.0003156
loglik[43]     0.9999183  1.0001343
loglik[44]     1.0001088  1.0002674
loglik[45]     1.0001182  1.0002627
loglik[46]     1.0002457  1.0002910
loglik[47]     1.0000362  1.0002897
loglik[48]     0.9999285  1.0001073
loglik[49]     0.9998958  0.9999319
loglik[5]      0.9999726  1.0001346
loglik[50]     1.0008610  1.0016564
loglik[51]     1.0000559  1.0000782
loglik[52]     0.9999452  1.0001662
loglik[53]     1.0005757  1.0012337
loglik[54]     1.0008017  1.0013335
loglik[55]     1.0001334  1.0006587
loglik[56]     1.0000387  1.0004246
loglik[57]     1.0001124  1.0005107
loglik[58]     0.9999123  1.0001111
loglik[59]     0.9999901  1.0001288
loglik[6]      1.0000772  1.0005996
loglik[60]     1.0002415  1.0002989
loglik[61]     0.9999947  1.0001547
loglik[62]     1.0001500  1.0005346
loglik[63]     0.9999375  1.0001785
loglik[64]     0.9999291  1.0000781
loglik[65]     1.0004860  1.0020474
loglik[66]     1.0002045  1.0004032
loglik[67]     1.0000703  1.0003651
loglik[68]     0.9999723  1.0002490
loglik[69]     1.0000541  1.0003610
loglik[7]      0.9998838  0.9999648
loglik[70]     1.0003156  1.0006377
loglik[71]     1.0001528  1.0005422
loglik[72]     1.0000491  1.0004411
loglik[73]     1.0001125  1.0005449
loglik[74]     1.0001583  1.0007803
loglik[75]     1.0001429  1.0007468
loglik[8]      1.0001542  1.0009069
loglik[9]      1.0000514  1.0004518
p.global[1]    0.9999626  1.0001052
p.global[2]    0.9999694  1.0001779
p.global[3]    1.0001577  1.0006182
p.global[4]    0.9999003  1.0000710
p.ind[1,1]     1.0010077  1.0022858
p.ind[1,2]     0.9999133  1.0001195
p.ind[1,3]     1.0125334  1.0138199
p.ind[1,4]     0.9998510  0.9998965
p.ind[10,1]    0.9999414  1.0001174
p.ind[10,2]    0.9999700  1.0000722
p.ind[10,3]    1.0001717  1.0007974
p.ind[10,4]    0.9999350  1.0001638
p.ind[11,1]    1.0004201  1.0009876
p.ind[11,2]    0.9999786  1.0000916
p.ind[11,3]    1.0005041  1.0022437
p.ind[11,4]    1.0010698  1.0027303
p.ind[12,1]    0.9999773  1.0003236
p.ind[12,2]    0.9999349  1.0001589
p.ind[12,3]    1.0030853  1.0032884
p.ind[12,4]    0.9999047  0.9999437
p.ind[13,1]    1.0002149  1.0007636
p.ind[13,2]    1.0000755  1.0005755
p.ind[13,3]    0.9999051  0.9999752
p.ind[13,4]    1.0003771  1.0009352
p.ind[14,1]    1.0002149  1.0007636
p.ind[14,2]    1.0000755  1.0005755
p.ind[14,3]    0.9999051  0.9999752
p.ind[14,4]    1.0003771  1.0009352
p.ind[15,1]    0.9999541  1.0001066
p.ind[15,2]    0.9999640  1.0001406
p.ind[15,3]    1.0001612  1.0006617
p.ind[15,4]    0.9999001  1.0000756
p.ind[16,1]    1.0001914  1.0004638
p.ind[16,2]    0.9998947  0.9999154
p.ind[16,3]    1.0005212  1.0020427
p.ind[16,4]    1.0017210  1.0030319
p.ind[17,1]    1.0001914  1.0004638
p.ind[17,2]    0.9998947  0.9999154
p.ind[17,3]    1.0005212  1.0020427
p.ind[17,4]    1.0017210  1.0030319
p.ind[18,1]    1.0000955  1.0003079
p.ind[18,2]    1.0001622  1.0006430
p.ind[18,3]    0.9999850  1.0000865
p.ind[18,4]    1.0007085  1.0013669
p.ind[19,1]    0.9999988  1.0000876
p.ind[19,2]    1.0000738  1.0004310
p.ind[19,3]    1.0001404  1.0004560
p.ind[19,4]    1.0000586  1.0003117
p.ind[2,1]     1.0000884  1.0004950
p.ind[2,2]     0.9999203  1.0001454
p.ind[2,3]     1.0060238  1.0064885
p.ind[2,4]     0.9998576  0.9998702
p.ind[20,1]    0.9999839  1.0000990
p.ind[20,2]    1.0000096  1.0002993
p.ind[20,3]    1.0001493  1.0005255
p.ind[20,4]    0.9999466  1.0001411
p.ind[21,1]    1.0003059  1.0012628
p.ind[21,2]    1.0000438  1.0005442
p.ind[21,3]    0.9999836  1.0000441
p.ind[21,4]    1.0001521  1.0005096
p.ind[22,1]    1.0002149  1.0007636
p.ind[22,2]    1.0000755  1.0005755
p.ind[22,3]    0.9999051  0.9999752
p.ind[22,4]    1.0003771  1.0009352
p.ind[23,1]    1.0000355  1.0001058
p.ind[23,2]    1.0002324  1.0007098
p.ind[23,3]    1.0000572  1.0002040
p.ind[23,4]    1.0008322  1.0014517
p.ind[24,1]    0.9999988  1.0000876
p.ind[24,2]    1.0000738  1.0004310
p.ind[24,3]    1.0001404  1.0004560
p.ind[24,4]    1.0000586  1.0003117
p.ind[25,1]    0.9999680  1.0001042
p.ind[25,2]    0.9999756  1.0002039
p.ind[25,3]    1.0001557  1.0005937
p.ind[25,4]    0.9999050  1.0000770
p.ind[26,1]    0.9999541  1.0001066
p.ind[26,2]    0.9999640  1.0001406
p.ind[26,3]    1.0001612  1.0006617
p.ind[26,4]    0.9999001  1.0000756
p.ind[27,1]    0.9999541  1.0001066
p.ind[27,2]    0.9999640  1.0001406
p.ind[27,3]    1.0001612  1.0006617
p.ind[27,4]    0.9999001  1.0000756
p.ind[28,1]    0.9999414  1.0001174
p.ind[28,2]    0.9999700  1.0000722
p.ind[28,3]    1.0001717  1.0007974
p.ind[28,4]    0.9999350  1.0001638
p.ind[29,1]    0.9999414  1.0001174
p.ind[29,2]    0.9999700  1.0000722
p.ind[29,3]    1.0001717  1.0007974
p.ind[29,4]    0.9999350  1.0001638
p.ind[3,1]     0.9999773  1.0003236
p.ind[3,2]     0.9999349  1.0001589
p.ind[3,3]     1.0030853  1.0032884
p.ind[3,4]     0.9999047  0.9999437
p.ind[30,1]    0.9999598  1.0001504
p.ind[30,2]    0.9999734  1.0000301
p.ind[30,3]    1.0001805  1.0009243
p.ind[30,4]    0.9999915  1.0003030
p.ind[31,1]    0.9999598  1.0001504
p.ind[31,2]    0.9999734  1.0000301
p.ind[31,3]    1.0001805  1.0009243
p.ind[31,4]    0.9999915  1.0003030
p.ind[32,1]    1.0003659  1.0007134
p.ind[32,2]    1.0002889  1.0003070
p.ind[32,3]    1.0004472  1.0016602
p.ind[32,4]    1.0009345  1.0018334
p.ind[33,1]    1.0003059  1.0012628
p.ind[33,2]    1.0000438  1.0005442
p.ind[33,3]    0.9999836  1.0000441
p.ind[33,4]    1.0001521  1.0005096
p.ind[34,1]    1.0002149  1.0007636
p.ind[34,2]    1.0000755  1.0005755
p.ind[34,3]    0.9999051  0.9999752
p.ind[34,4]    1.0003771  1.0009352
p.ind[35,1]    1.0002149  1.0007636
p.ind[35,2]    1.0000755  1.0005755
p.ind[35,3]    0.9999051  0.9999752
p.ind[35,4]    1.0003771  1.0009352
p.ind[36,1]    1.0000955  1.0003079
p.ind[36,2]    1.0001622  1.0006430
p.ind[36,3]    0.9999850  1.0000865
p.ind[36,4]    1.0007085  1.0013669
p.ind[37,1]    1.0000355  1.0001058
p.ind[37,2]    1.0002324  1.0007098
p.ind[37,3]    1.0000572  1.0002040
p.ind[37,4]    1.0008322  1.0014517
p.ind[38,1]    1.0000355  1.0001058
p.ind[38,2]    1.0002324  1.0007098
p.ind[38,3]    1.0000572  1.0002040
p.ind[38,4]    1.0008322  1.0014517
p.ind[39,1]    1.0000355  1.0001058
p.ind[39,2]    1.0002324  1.0007098
p.ind[39,3]    1.0000572  1.0002040
p.ind[39,4]    1.0008322  1.0014517
p.ind[4,1]     1.0000355  1.0001058
p.ind[4,2]     1.0002324  1.0007098
p.ind[4,3]     1.0000572  1.0002040
p.ind[4,4]     1.0008322  1.0014517
p.ind[40,1]    1.0000181  1.0000607
p.ind[40,2]    1.0002333  1.0006972
p.ind[40,3]    1.0001012  1.0003008
p.ind[40,4]    1.0006038  1.0010955
p.ind[41,1]    0.9999541  1.0001066
p.ind[41,2]    0.9999640  1.0001406
p.ind[41,3]    1.0001612  1.0006617
p.ind[41,4]    0.9999001  1.0000756
p.ind[42,1]    1.0002582  1.0011871
p.ind[42,2]    1.0000333  1.0004430
p.ind[42,3]    1.0006389  1.0007212
p.ind[42,4]    0.9999944  1.0001542
p.ind[43,1]    1.0000239  1.0002210
p.ind[43,2]    0.9999732  1.0000032
p.ind[43,3]    1.0001849  1.0010313
p.ind[43,4]    1.0000618  1.0004658
p.ind[44,1]    1.0002582  1.0011871
p.ind[44,2]    1.0000333  1.0004430
p.ind[44,3]    1.0006389  1.0007212
p.ind[44,4]    0.9999944  1.0001542
p.ind[45,1]    1.0002582  1.0011871
p.ind[45,2]    1.0000333  1.0004430
p.ind[45,3]    1.0006389  1.0007212
p.ind[45,4]    0.9999944  1.0001542
p.ind[46,1]    1.0002149  1.0007636
p.ind[46,2]    1.0000755  1.0005755
p.ind[46,3]    0.9999051  0.9999752
p.ind[46,4]    1.0003771  1.0009352
p.ind[47,1]    1.0000355  1.0001058
p.ind[47,2]    1.0002324  1.0007098
p.ind[47,3]    1.0000572  1.0002040
p.ind[47,4]    1.0008322  1.0014517
p.ind[48,1]    1.0000181  1.0000607
p.ind[48,2]    1.0002333  1.0006972
p.ind[48,3]    1.0001012  1.0003008
p.ind[48,4]    1.0006038  1.0010955
p.ind[49,1]    0.9999988  1.0000876
p.ind[49,2]    1.0000738  1.0004310
p.ind[49,3]    1.0001404  1.0004560
p.ind[49,4]    1.0000586  1.0003117
p.ind[5,1]     0.9999773  1.0003236
p.ind[5,2]     0.9999349  1.0001589
p.ind[5,3]     1.0030853  1.0032884
p.ind[5,4]     0.9999047  0.9999437
p.ind[50,1]    1.0003659  1.0007134
p.ind[50,2]    1.0002889  1.0003070
p.ind[50,3]    1.0004472  1.0016602
p.ind[50,4]    1.0009345  1.0018334
p.ind[51,1]    1.0002149  1.0007636
p.ind[51,2]    1.0000755  1.0005755
p.ind[51,3]    0.9999051  0.9999752
p.ind[51,4]    1.0003771  1.0009352
p.ind[52,1]    0.9999988  1.0000876
p.ind[52,2]    1.0000738  1.0004310
p.ind[52,3]    1.0001404  1.0004560
p.ind[52,4]    1.0000586  1.0003117
p.ind[53,1]    1.0003773  1.0006823
p.ind[53,2]    1.0000859  1.0000907
p.ind[53,3]    1.0003859  1.0015490
p.ind[53,4]    1.0006679  1.0014630
p.ind[54,1]    1.0003659  1.0007134
p.ind[54,2]    1.0002889  1.0003070
p.ind[54,3]    1.0004472  1.0016602
p.ind[54,4]    1.0009345  1.0018334
p.ind[55,1]    1.0000100  1.0000703
p.ind[55,2]    1.0001616  1.0005822
p.ind[55,3]    1.0001260  1.0003826
p.ind[55,4]    1.0002822  1.0006370
p.ind[56,1]    0.9999680  1.0001042
p.ind[56,2]    0.9999756  1.0002039
p.ind[56,3]    1.0001557  1.0005937
p.ind[56,4]    0.9999050  1.0000770
p.ind[57,1]    0.9999414  1.0001174
p.ind[57,2]    0.9999700  1.0000722
p.ind[57,3]    1.0001717  1.0007974
p.ind[57,4]    0.9999350  1.0001638
p.ind[58,1]    0.9999598  1.0001504
p.ind[58,2]    0.9999734  1.0000301
p.ind[58,3]    1.0001805  1.0009243
p.ind[58,4]    0.9999915  1.0003030
p.ind[59,1]    1.0003043  1.0006870
p.ind[59,2]    1.0007427  1.0007879
p.ind[59,3]    1.0005437  1.0018284
p.ind[59,4]    1.0017868  1.0029370
p.ind[6,1]     1.0000100  1.0000703
p.ind[6,2]     1.0001616  1.0005822
p.ind[6,3]     1.0001260  1.0003826
p.ind[6,4]     1.0002822  1.0006370
p.ind[60,1]    1.0002149  1.0007636
p.ind[60,2]    1.0000755  1.0005755
p.ind[60,3]    0.9999051  0.9999752
p.ind[60,4]    1.0003771  1.0009352
p.ind[61,1]    1.0000355  1.0001058
p.ind[61,2]    1.0002324  1.0007098
p.ind[61,3]    1.0000572  1.0002040
p.ind[61,4]    1.0008322  1.0014517
p.ind[62,1]    1.0000355  1.0001058
p.ind[62,2]    1.0002324  1.0007098
p.ind[62,3]    1.0000572  1.0002040
p.ind[62,4]    1.0008322  1.0014517
p.ind[63,1]    1.0001547  1.0003567
p.ind[63,2]    1.0000215  1.0000365
p.ind[63,3]    1.0001992  1.0011344
p.ind[63,4]    1.0001529  1.0006518
p.ind[64,1]    1.0001547  1.0003567
p.ind[64,2]    1.0000215  1.0000365
p.ind[64,3]    1.0001992  1.0011344
p.ind[64,4]    1.0001529  1.0006518
p.ind[65,1]    1.0003536  1.0007284
p.ind[65,2]    1.0005656  1.0005986
p.ind[65,3]    1.0004974  1.0017436
p.ind[65,4]    1.0012302  1.0022288
p.ind[66,1]    1.0003059  1.0012628
p.ind[66,2]    1.0000438  1.0005442
p.ind[66,3]    0.9999836  1.0000441
p.ind[66,4]    1.0001521  1.0005096
p.ind[67,1]    0.9999414  1.0001174
p.ind[67,2]    0.9999700  1.0000722
p.ind[67,3]    1.0001717  1.0007974
p.ind[67,4]    0.9999350  1.0001638
p.ind[68,1]    0.9999598  1.0001504
p.ind[68,2]    0.9999734  1.0000301
p.ind[68,3]    1.0001805  1.0009243
p.ind[68,4]    0.9999915  1.0003030
p.ind[69,1]    1.0000239  1.0002210
p.ind[69,2]    0.9999732  1.0000032
p.ind[69,3]    1.0001849  1.0010313
p.ind[69,4]    1.0000618  1.0004658
p.ind[7,1]     1.0002149  1.0007636
p.ind[7,2]     1.0000755  1.0005755
p.ind[7,3]     0.9999051  0.9999752
p.ind[7,4]     1.0003771  1.0009352
p.ind[70,1]    1.0002149  1.0007636
p.ind[70,2]    1.0000755  1.0005755
p.ind[70,3]    0.9999051  0.9999752
p.ind[70,4]    1.0003771  1.0009352
p.ind[71,1]    1.0000355  1.0001058
p.ind[71,2]    1.0002324  1.0007098
p.ind[71,3]    1.0000572  1.0002040
p.ind[71,4]    1.0008322  1.0014517
p.ind[72,1]    1.0000100  1.0000703
p.ind[72,2]    1.0001616  1.0005822
p.ind[72,3]    1.0001260  1.0003826
p.ind[72,4]    1.0002822  1.0006370
p.ind[73,1]    0.9999541  1.0001066
p.ind[73,2]    0.9999640  1.0001406
p.ind[73,3]    1.0001612  1.0006617
p.ind[73,4]    0.9999001  1.0000756
p.ind[74,1]    0.9999541  1.0001066
p.ind[74,2]    0.9999640  1.0001406
p.ind[74,3]    1.0001612  1.0006617
p.ind[74,4]    0.9999001  1.0000756
p.ind[75,1]    0.9999414  1.0001174
p.ind[75,2]    0.9999700  1.0000722
p.ind[75,3]    1.0001717  1.0007974
p.ind[75,4]    0.9999350  1.0001638
p.ind[8,1]     1.0000355  1.0001058
p.ind[8,2]     1.0002324  1.0007098
p.ind[8,3]     1.0000572  1.0002040
p.ind[8,4]     1.0008322  1.0014517
p.ind[9,1]     1.0000100  1.0000703
p.ind[9,2]     1.0001616  1.0005822
p.ind[9,3]     1.0001260  1.0003826
p.ind[9,4]     1.0002822  1.0006370
resid.prop[1]  1.0001862  1.0005516
resid.prop[2]  0.9998927  0.9999793

################################################################################
# Geweke Diagnostic
################################################################################

The Geweke diagnostic is a standard z-score, so we'd expect 5% to be outside +/-1.96
Number of variables outside +/-1.96 in each chain (out of 
388
):


       Chain 1 Chain 2 Chain 3
Geweke       3      14       0


And here are the Geweke diagnostics for all variables:


