
################################################################################
# Gelman-Rubin Diagnostic
################################################################################

Generally the Gelman diagnostic should be < 1.05


Out of 1208 variables: 1099 > 1.01

                      
909 > 1.05

                      
810 > 1.1


The worst variables are:

             Point est. Upper C.I.
p.ind[130,1]   1.910763   6.328344
p.ind[179,1]   1.910763   6.328344
p.ind[6,1]     1.910763   6.328344
p.global[1]    1.908156   6.317178
p.ind[131,1]   1.907368   6.148432
p.ind[148,1]   1.907368   6.148432
p.ind[211,1]   1.907368   6.148432
p.ind[212,1]   1.907368   6.148432
p.ind[213,1]   1.907368   6.148432
p.ind[214,1]   1.907368   6.148432


And here are the Gelman diagnostics for all variables:

              Point est. Upper C.I.
deviance        1.378742   2.104399
ilr.cont1[1]    1.801473   8.277072
ilr.cont1[2]    1.560088   2.871406
ilr.cont1[3]    1.264670   1.730384
ilr.global[1]   1.823064   8.517379
ilr.global[2]   1.830640   8.343336
ilr.global[3]   1.728546   6.270642
loglik[1]       1.051357   1.161776
loglik[10]      1.097456   1.281382
loglik[100]     1.005606   1.019853
loglik[101]     1.267971   1.744646
loglik[102]     1.143335   1.412867
loglik[103]     1.178883   1.514903
loglik[104]     1.121302   1.355121
loglik[105]     1.033581   1.108102
loglik[106]     1.009851   1.013042
loglik[107]     1.156232   1.449191
loglik[108]     1.405061   2.561962
loglik[109]     1.179270   1.511897
loglik[11]      1.126473   1.363379
loglik[110]     1.311463   1.949802
loglik[111]     1.032078   1.108654
loglik[112]     1.001198   1.004191
loglik[113]     1.482279   3.267760
loglik[114]     1.187085   1.537727
loglik[115]     1.075189   1.077336
loglik[116]     1.245161   1.814078
loglik[117]     1.172798   1.483045
loglik[118]     1.105895   1.234104
loglik[119]     1.004324   1.007268
loglik[12]      1.002549   1.007444
loglik[120]     1.003884   1.007557
loglik[121]     1.010896   1.039345
loglik[122]     1.083382   1.254844
loglik[123]     1.078031   1.244285
loglik[124]     1.076617   1.240400
loglik[125]     1.128816   1.378532
loglik[126]     1.120172   1.361503
loglik[127]     1.017097   1.059964
loglik[128]     1.021731   1.028247
loglik[129]     1.025104   1.063563
loglik[13]      1.036674   1.109521
loglik[130]     1.017853   1.022940
loglik[131]     1.395165   2.112696
loglik[132]     1.523734   2.534691
loglik[133]     1.315774   1.949696
loglik[134]     1.555450   2.972916
loglik[135]     1.081590   1.213059
loglik[136]     1.198458   1.584705
loglik[137]     1.162087   1.323680
loglik[138]     1.026908   1.093481
loglik[139]     1.054788   1.176064
loglik[14]      1.000912   1.003476
loglik[140]     1.066159   1.210287
loglik[141]     1.077341   1.240447
loglik[142]     1.066494   1.207883
loglik[143]     1.126210   1.373632
loglik[144]     1.022859   1.079234
loglik[145]     1.094437   1.298116
loglik[146]     1.199838   1.561186
loglik[147]     1.293809   1.800079
loglik[148]     1.129871   1.383410
loglik[149]     1.039365   1.099061
loglik[15]      1.058712   1.173125
loglik[150]     1.019058   1.034561
loglik[151]     1.287259   1.897180
loglik[152]     1.064395   1.189170
loglik[153]     1.258660   1.793116
loglik[154]     1.238952   1.671899
loglik[155]     1.321433   1.977285
loglik[156]     1.082577   1.248618
loglik[157]     1.088052   1.261611
loglik[158]     1.007552   1.027304
loglik[159]     1.022180   1.071029
loglik[16]      1.072881   1.218996
loglik[160]     1.054506   1.172727
loglik[161]     1.064430   1.200585
loglik[162]     1.016194   1.049595
loglik[163]     1.063122   1.198964
loglik[164]     1.001021   1.003152
loglik[165]     1.000678   1.002906
loglik[166]     1.000732   1.003057
loglik[167]     1.039421   1.124207
loglik[168]     1.117969   1.352632
loglik[169]     1.030993   1.103777
loglik[17]      1.051778   1.162810
loglik[170]     1.003299   1.003607
loglik[171]     1.015306   1.017814
loglik[172]     1.019767   1.021900
loglik[173]     1.165824   1.481053
loglik[174]     1.020447   1.036417
loglik[175]     1.727353   3.826239
loglik[176]     1.736776   3.967479
loglik[177]     1.811551   4.843654
loglik[178]     1.725969   3.848387
loglik[179]     1.312634   1.836596
loglik[18]      1.009883   1.035924
loglik[180]     1.315460   1.900312
loglik[181]     1.267641   1.750034
loglik[182]     1.340466   1.948164
loglik[183]     1.011681   1.026446
loglik[184]     1.030332   1.091691
loglik[185]     1.019239   1.065932
loglik[186]     1.089709   1.262814
loglik[187]     1.015261   1.030809
loglik[188]     1.060008   1.179521
loglik[189]     1.103479   1.249954
loglik[19]      1.002296   1.008850
loglik[190]     1.045437   1.106417
loglik[191]     1.147603   1.425555
loglik[192]     1.172953   1.495757
loglik[193]     1.027291   1.033771
loglik[194]     1.173829   1.502667
loglik[195]     1.236486   1.683996
loglik[196]     1.267708   1.973329
loglik[197]     1.063992   1.198783
loglik[198]     1.052600   1.161715
loglik[199]     1.017491   1.060170
loglik[2]       1.038682   1.116243
loglik[20]      1.056837   1.176361
loglik[200]     1.043673   1.143434
loglik[201]     1.050529   1.160447
loglik[202]     1.056281   1.183273
loglik[203]     1.136515   1.401005
loglik[204]     1.139695   1.409001
loglik[205]     1.188893   1.537060
loglik[206]     1.263439   1.716384
loglik[207]     1.679595   3.465466
loglik[208]     1.630818   3.171074
loglik[209]     1.477396   2.362755
loglik[21]      1.069609   1.202921
loglik[210]     1.532213   2.636128
loglik[211]     1.694481   3.609889
loglik[212]     1.700717   3.680293
loglik[213]     1.620354   3.228463
loglik[214]     1.019622   1.069323
loglik[215]     1.731092   3.878291
loglik[216]     1.646869   3.384182
loglik[217]     1.681084   3.527321
loglik[218]     1.712741   3.949355
loglik[219]     1.572257   2.846651
loglik[22]      1.025393   1.075612
loglik[220]     1.019398   1.067111
loglik[221]     1.024854   1.028103
loglik[222]     1.448661   2.385547
loglik[223]     1.433382   2.379283
loglik[224]     1.437649   2.351754
loglik[225]     1.067447   1.192173
loglik[226]     1.062272   1.181441
loglik[227]     1.269362   1.794651
loglik[228]     1.044179   1.087487
loglik[229]     1.028096   1.029490
loglik[23]      1.017545   1.051979
loglik[230]     1.028284   1.075589
loglik[231]     1.155571   1.447602
loglik[232]     1.063326   1.179920
loglik[233]     1.151147   1.432703
loglik[234]     1.386346   2.078139
loglik[235]     1.864933   6.895719
loglik[236]     1.754977   4.980467
loglik[237]     1.170733   1.487826
loglik[238]     1.038046   1.127520
loglik[239]     1.097106   1.295852
loglik[24]      1.059374   1.174013
loglik[25]      1.062056   1.199682
loglik[26]      1.051922   1.157201
loglik[27]      1.008813   1.032192
loglik[28]      1.009786   1.035475
loglik[29]      1.129245   1.374081
loglik[3]       1.068481   1.207974
loglik[30]      1.029754   1.094830
loglik[31]      1.000510   1.001315
loglik[32]      1.000470   1.002169
loglik[33]      1.083134   1.246425
loglik[34]      1.004534   1.012843
loglik[35]      1.150961   1.436590
loglik[36]      1.020975   1.062936
loglik[37]      1.020954   1.072860
loglik[38]      1.022108   1.073436
loglik[39]      1.000805   1.001262
loglik[4]       1.034148   1.109856
loglik[40]      1.004355   1.013188
loglik[41]      1.027948   1.092813
loglik[42]      1.175075   1.502527
loglik[43]      1.039363   1.127893
loglik[44]      1.015302   1.048508
loglik[45]      1.142930   1.414314
loglik[46]      1.003734   1.013758
loglik[47]      1.137408   1.398149
loglik[48]      1.051238   1.166292
loglik[49]      1.084578   1.263149
loglik[5]       1.012652   1.045568
loglik[50]      1.097935   1.298740
loglik[51]      1.031054   1.061590
loglik[52]      1.194439   1.550709
loglik[53]      1.054032   1.170918
loglik[54]      1.470689   2.338763
loglik[55]      1.600462   2.866526
loglik[56]      1.126334   1.380707
loglik[57]      1.119119   1.337640
loglik[58]      1.118652   1.348528
loglik[59]      1.189670   1.538031
loglik[6]       1.549818   2.603747
loglik[60]      1.034590   1.094845
loglik[61]      1.167781   1.480784
loglik[62]      1.301353   1.979518
loglik[63]      1.012267   1.017563
loglik[64]      1.010413   1.015116
loglik[65]      1.105613   1.292496
loglik[66]      1.017156   1.023378
loglik[67]      1.245411   1.763613
loglik[68]      1.221414   1.697861
loglik[69]      1.298220   2.187053
loglik[7]       1.101104   1.291119
loglik[70]      1.102073   1.264318
loglik[71]      1.119991   1.321731
loglik[72]      1.496308   3.247186
loglik[73]      1.486086   3.401174
loglik[74]      1.224438   1.638862
loglik[75]      1.538830   4.148802
loglik[76]      1.352612   3.215855
loglik[77]      1.019888   1.035668
loglik[78]      1.004611   1.005560
loglik[79]      1.058408   1.161307
loglik[8]       1.037298   1.114791
loglik[80]      1.003420   1.012527
loglik[81]      1.089850   1.259119
loglik[82]      1.043638   1.131404
loglik[83]      1.038837   1.116939
loglik[84]      1.065980   1.194112
loglik[85]      1.088346   1.265205
loglik[86]      1.047575   1.142521
loglik[87]      1.008584   1.027038
loglik[88]      1.029091   1.097181
loglik[89]      1.083231   1.242452
loglik[9]       1.090730   1.262032
loglik[90]      1.057037   1.166793
loglik[91]      1.001605   1.005316
loglik[92]      1.014596   1.042340
loglik[93]      1.004942   1.017971
loglik[94]      1.058732   1.175786
loglik[95]      1.003153   1.010797
loglik[96]      1.018580   1.053001
loglik[97]      1.041129   1.133083
loglik[98]      1.161800   1.464616
loglik[99]      1.044604   1.133400
p.global[1]     1.908156   6.317178
p.global[2]     1.231891   1.753002
p.global[3]     1.859740   7.681630
p.global[4]     1.004822   1.010501
p.ind[1,1]      1.123198   1.123383
p.ind[1,2]      1.777344   8.019064
p.ind[1,3]      1.658825   4.770489
p.ind[1,4]      1.003374   1.005735
p.ind[10,1]     1.211088   1.223045
p.ind[10,2]     1.739232   7.720281
p.ind[10,3]     1.629735   4.661406
p.ind[10,4]     1.012055   1.029194
p.ind[100,1]    1.865984   5.296720
p.ind[100,2]    1.320185   2.349342
p.ind[100,3]    1.855528   8.600483
p.ind[100,4]    1.211657   1.474137
p.ind[101,1]    1.615921   2.912039
p.ind[101,2]    1.352036   2.417769
p.ind[101,3]    1.799496   8.174875
p.ind[101,4]    1.301635   2.234059
p.ind[102,1]    1.528333   2.510619
p.ind[102,2]    1.366519   2.469845
p.ind[102,3]    1.783777   8.045078
p.ind[102,4]    1.308772   2.341388
p.ind[103,1]    1.528333   2.510619
p.ind[103,2]    1.366519   2.469845
p.ind[103,3]    1.783777   8.045078
p.ind[103,4]    1.308772   2.341388
p.ind[104,1]    1.449540   2.227843
p.ind[104,2]    1.383982   2.547111
p.ind[104,3]    1.768439   7.916953
p.ind[104,4]    1.314223   2.437330
p.ind[105,1]    1.449540   2.227843
p.ind[105,2]    1.383982   2.547111
p.ind[105,3]    1.768439   7.916953
p.ind[105,4]    1.314223   2.437330
p.ind[106,1]    1.275734   1.745796
p.ind[106,2]    1.460781   2.992987
p.ind[106,3]    1.722114   7.522846
p.ind[106,4]    1.331068   2.795101
p.ind[107,1]    1.275734   1.745796
p.ind[107,2]    1.460781   2.992987
p.ind[107,3]    1.722114   7.522846
p.ind[107,4]    1.331068   2.795101
p.ind[108,1]    1.203669   1.572735
p.ind[108,2]    1.525604   3.632105
p.ind[108,3]    1.689840   7.242149
p.ind[108,4]    1.344186   3.061657
p.ind[109,1]    1.099725   1.313443
p.ind[109,2]    1.424158   4.062332
p.ind[109,3]    1.590698   6.337587
p.ind[109,4]    1.355303   3.227877
p.ind[11,1]     1.211088   1.223045
p.ind[11,2]     1.739232   7.720281
p.ind[11,3]     1.629735   4.661406
p.ind[11,4]     1.012055   1.029194
p.ind[110,1]    1.084108   1.267712
p.ind[110,2]    1.405196   3.876950
p.ind[110,3]    1.564515   6.083793
p.ind[110,4]    1.355951   3.234075
p.ind[111,1]    1.078164   1.248946
p.ind[111,2]    1.398538   3.802200
p.ind[111,3]    1.552623   5.965620
p.ind[111,4]    1.356210   3.236326
p.ind[112,1]    1.078164   1.248946
p.ind[112,2]    1.398538   3.802200
p.ind[112,3]    1.552623   5.965620
p.ind[112,4]    1.356210   3.236326
p.ind[113,1]    1.073187   1.232370
p.ind[113,2]    1.392959   3.733608
p.ind[113,3]    1.541294   5.851068
p.ind[113,4]    1.356340   3.235629
p.ind[114,1]    1.058217   1.172997
p.ind[114,2]    1.372150   3.409734
p.ind[114,3]    1.490987   5.311987
p.ind[114,4]    1.353709   3.157144
p.ind[115,1]    1.887476   8.868632
p.ind[115,2]    1.306062   1.997967
p.ind[115,3]    1.892865   8.866807
p.ind[115,4]    1.054633   1.056614
p.ind[116,1]    1.318388   2.461334
p.ind[116,2]    1.518774   5.670432
p.ind[116,3]    1.383526   3.738717
p.ind[116,4]    1.292698   2.217386
p.ind[117,1]    1.293037   1.897921
p.ind[117,2]    1.606817   6.565200
p.ind[117,3]    1.461394   4.261498
p.ind[117,4]    1.261023   1.911620
p.ind[118,1]    1.293037   1.897921
p.ind[118,2]    1.606817   6.565200
p.ind[118,3]    1.461394   4.261498
p.ind[118,4]    1.261023   1.911620
p.ind[119,1]    1.257978   1.504290
p.ind[119,2]    1.638706   6.860690
p.ind[119,3]    1.523450   4.344145
p.ind[119,4]    1.211997   1.596356
p.ind[12,1]     1.211088   1.223045
p.ind[12,2]     1.739232   7.720281
p.ind[12,3]     1.629735   4.661406
p.ind[12,4]     1.012055   1.029194
p.ind[120,1]    1.257978   1.504290
p.ind[120,2]    1.638706   6.860690
p.ind[120,3]    1.523450   4.344145
p.ind[120,4]    1.211997   1.596356
p.ind[121,1]    1.173727   1.176011
p.ind[121,2]    1.764379   7.919684
p.ind[121,3]    1.649404   4.742753
p.ind[121,4]    1.003742   1.009117
p.ind[122,1]    1.059816   1.060079
p.ind[122,2]    1.790617   8.117571
p.ind[122,3]    1.667719   4.783952
p.ind[122,4]    1.004548   1.005512
p.ind[123,1]    1.015206   1.016903
p.ind[123,2]    1.804195   8.213609
p.ind[123,3]    1.675673   4.775981
p.ind[123,4]    1.006720   1.007827
p.ind[124,1]    1.015206   1.016903
p.ind[124,2]    1.804195   8.213609
p.ind[124,3]    1.675673   4.775981
p.ind[124,4]    1.006720   1.007827
p.ind[125,1]    1.003844   1.008636
p.ind[125,2]    1.818002   8.303212
p.ind[125,3]    1.681866   4.734042
p.ind[125,4]    1.009504   1.012298
p.ind[126,1]    1.043974   1.129206
p.ind[126,2]    1.805390   6.268829
p.ind[126,3]    1.423835   2.284242
p.ind[126,4]    1.028770   1.070605
p.ind[127,1]    1.043974   1.129206
p.ind[127,2]    1.805390   6.268829
p.ind[127,3]    1.423835   2.284242
p.ind[127,4]    1.028770   1.070605
p.ind[128,1]    1.094180   1.299017
p.ind[128,2]    1.349362   2.007563
p.ind[128,3]    1.025253   1.076164
p.ind[128,4]    1.039067   1.115217
p.ind[129,1]    1.712412   3.684177
p.ind[129,2]    1.009477   1.015870
p.ind[129,3]    1.408601   2.202714
p.ind[129,4]    1.038526   1.117054
p.ind[13,1]     1.173727   1.176011
p.ind[13,2]     1.764379   7.919684
p.ind[13,3]     1.649404   4.742753
p.ind[13,4]     1.003742   1.009117
p.ind[130,1]    1.910763   6.328344
p.ind[130,2]    1.254888   1.891963
p.ind[130,3]    1.868803   8.057373
p.ind[130,4]    1.011776   1.012416
p.ind[131,1]    1.907368   6.148432
p.ind[131,2]    1.294653   2.172644
p.ind[131,3]    1.874097   8.565421
p.ind[131,4]    1.080046   1.101723
p.ind[132,1]    1.865984   5.296720
p.ind[132,2]    1.320185   2.349342
p.ind[132,3]    1.855528   8.600483
p.ind[132,4]    1.211657   1.474137
p.ind[133,1]    1.794941   4.305698
p.ind[133,2]    1.330695   2.377474
p.ind[133,3]    1.834584   8.455218
p.ind[133,4]    1.266684   1.843486
p.ind[134,1]    1.794941   4.305698
p.ind[134,2]    1.330695   2.377474
p.ind[134,3]    1.834584   8.455218
p.ind[134,4]    1.266684   1.843486
p.ind[135,1]    1.203669   1.572735
p.ind[135,2]    1.525604   3.632105
p.ind[135,3]    1.689840   7.242149
p.ind[135,4]    1.344186   3.061657
p.ind[136,1]    1.155119   1.456297
p.ind[136,2]    1.514217   4.304732
p.ind[136,3]    1.655711   6.938851
p.ind[136,4]    1.351332   3.177008
p.ind[137,1]    1.091214   1.289053
p.ind[137,2]    1.413447   3.961524
p.ind[137,3]    1.577136   6.207146
p.ind[137,4]    1.355611   3.230220
p.ind[138,1]    1.123198   1.123383
p.ind[138,2]    1.777344   8.019064
p.ind[138,3]    1.658825   4.770489
p.ind[138,4]    1.003374   1.005735
p.ind[139,1]    1.059816   1.060079
p.ind[139,2]    1.790617   8.117571
p.ind[139,3]    1.667719   4.783952
p.ind[139,4]    1.004548   1.005512
p.ind[14,1]     1.123198   1.123383
p.ind[14,2]     1.777344   8.019064
p.ind[14,3]     1.658825   4.770489
p.ind[14,4]     1.003374   1.005735
p.ind[140,1]    1.059816   1.060079
p.ind[140,2]    1.790617   8.117571
p.ind[140,3]    1.667719   4.783952
p.ind[140,4]    1.004548   1.005512
p.ind[141,1]    1.059816   1.060079
p.ind[141,2]    1.790617   8.117571
p.ind[141,3]    1.667719   4.783952
p.ind[141,4]    1.004548   1.005512
p.ind[142,1]    1.017648   1.037210
p.ind[142,2]    1.844684   8.402659
p.ind[142,3]    1.679708   4.427646
p.ind[142,4]    1.016087   1.027314
p.ind[143,1]    1.033622   1.088002
p.ind[143,2]    1.851202   7.792831
p.ind[143,3]    1.591075   3.293807
p.ind[143,4]    1.023948   1.052397
p.ind[144,1]    1.033622   1.088002
p.ind[144,2]    1.851202   7.792831
p.ind[144,3]    1.591075   3.293807
p.ind[144,4]    1.023948   1.052397
p.ind[145,1]    1.279502   1.754135
p.ind[145,2]    1.117670   1.349090
p.ind[145,3]    1.024817   1.070944
p.ind[145,4]    1.042769   1.133319
p.ind[146,1]    1.279502   1.754135
p.ind[146,2]    1.117670   1.349090
p.ind[146,3]    1.024817   1.070944
p.ind[146,4]    1.042769   1.133319
p.ind[147,1]    1.279502   1.754135
p.ind[147,2]    1.117670   1.349090
p.ind[147,3]    1.024817   1.070944
p.ind[147,4]    1.042769   1.133319
p.ind[148,1]    1.907368   6.148432
p.ind[148,2]    1.294653   2.172644
p.ind[148,3]    1.874097   8.565421
p.ind[148,4]    1.080046   1.101723
p.ind[149,1]    1.381326   2.021732
p.ind[149,2]    1.404920   2.653108
p.ind[149,3]    1.753157   7.788068
p.ind[149,4]    1.319324   2.539702
p.ind[15,1]     1.059816   1.060079
p.ind[15,2]     1.790617   8.117571
p.ind[15,3]     1.667719   4.783952
p.ind[15,4]     1.004548   1.005512
p.ind[150,1]    1.275734   1.745796
p.ind[150,2]    1.460781   2.992987
p.ind[150,3]    1.722114   7.522846
p.ind[150,4]    1.331068   2.795101
p.ind[151,1]    1.177008   1.509184
p.ind[151,2]    1.534047   4.033132
p.ind[151,3]    1.673044   7.093800
p.ind[151,4]    1.348694   3.138474
p.ind[152,1]    1.084108   1.267712
p.ind[152,2]    1.405196   3.876950
p.ind[152,3]    1.564515   6.083793
p.ind[152,4]    1.355951   3.234075
p.ind[153,1]    1.084108   1.267712
p.ind[153,2]    1.405196   3.876950
p.ind[153,3]    1.564515   6.083793
p.ind[153,4]    1.355951   3.234075
p.ind[154,1]    1.078164   1.248946
p.ind[154,2]    1.398538   3.802200
p.ind[154,3]    1.552623   5.965620
p.ind[154,4]    1.356210   3.236326
p.ind[155,1]    1.067204   1.210950
p.ind[155,2]    1.385914   3.637129
 [ reached getOption("max.print") -- omitted 708 rows ]

################################################################################
# Geweke Diagnostic
################################################################################

The Geweke diagnostic is a standard z-score, so we'd expect 5% to be outside +/-1.96
Number of variables outside +/-1.96 in each chain (out of 
1208
):


       Chain 1 Chain 2 Chain 3
Geweke      48    1093      35


And here are the Geweke diagnostics for all variables:


