
################################################################################
# Gelman-Rubin Diagnostic
################################################################################
Generally the Gelman diagnostic should be < 1.05

Out of 260 variables: 3 > 1.01

                      
3 > 1.05

                      
3 > 1.1

The worst variables are:

              Point est. Upper C.I.
p.fac1[2,1]     1.159002   1.233427
p.fac1[1,1]     1.155598   1.242735
p.global[1]     1.155598   1.242735
resid.prop[2]   1.002271   1.008013
p.fac1[2,4]     1.002231   1.002617
resid.prop[1]   1.001646   1.005190
ilr.fac1[2,1]   1.001600   1.004179
loglik[224]     1.001577   1.004530
loglik[189]     1.001551   1.004043
loglik[238]     1.001469   1.004642

And here are the Gelman diagnostics for all variables:

              Point est. Upper C.I.
deviance       1.0002134  1.0004256
ilr.fac1[1,1]        NaN        NaN
ilr.fac1[2,1]  1.0015996  1.0041794
ilr.fac1[1,2]        NaN        NaN
ilr.fac1[2,2]  1.0013302  1.0046896
ilr.fac1[1,3]        NaN        NaN
ilr.fac1[2,3]  1.0003858  1.0012478
loglik[1]      1.0007175  1.0034797
loglik[2]      0.9997504  0.9997609
loglik[3]      1.0007654  1.0036416
loglik[4]      1.0000628  1.0005716
loglik[5]      0.9998348  0.9999966
loglik[6]      1.0002726  1.0018758
loglik[7]      0.9999770  1.0005657
loglik[8]      0.9996717  0.9996836
loglik[9]      0.9997996  0.9999189
loglik[10]     1.0002290  1.0003069
loglik[11]     1.0002442  1.0003588
loglik[12]     1.0003518  1.0021790
loglik[13]     0.9997073  0.9997245
loglik[14]     0.9999845  1.0000901
loglik[15]     0.9998295  1.0002640
loglik[16]     0.9999044  1.0000140
loglik[17]     0.9998821  0.9999744
loglik[18]     0.9998391  0.9999537
loglik[19]     0.9999054  1.0004392
loglik[20]     1.0001405  1.0003167
loglik[21]     1.0002680  1.0003649
loglik[22]     0.9999715  1.0000026
loglik[23]     1.0006355  1.0011931
loglik[24]     1.0003490  1.0021577
loglik[25]     1.0004615  1.0024893
loglik[26]     0.9999701  1.0000629
loglik[27]     1.0000831  1.0001797
loglik[28]     0.9998674  1.0000531
loglik[29]     1.0001334  1.0002629
loglik[30]     1.0001327  1.0002551
loglik[31]     1.0000998  1.0001079
loglik[32]     1.0007464  1.0035690
loglik[33]     1.0000978  1.0001546
loglik[34]     1.0003195  1.0012917
loglik[35]     0.9999773  1.0000903
loglik[36]     0.9998983  1.0004650
loglik[37]     1.0000433  1.0000524
loglik[38]     1.0001038  1.0002132
loglik[39]     0.9998849  1.0003954
loglik[40]     1.0001753  1.0010980
loglik[41]     1.0003074  1.0013120
loglik[42]     1.0004226  1.0010221
loglik[43]     1.0002310  1.0010405
loglik[44]     1.0002855  1.0012978
loglik[45]     1.0002428  1.0008212
loglik[46]     0.9999320  1.0006022
loglik[47]     0.9998008  1.0001186
loglik[48]     1.0002678  1.0011645
loglik[49]     0.9999886  0.9999926
loglik[50]     1.0001422  1.0002833
loglik[51]     1.0001315  1.0001482
loglik[52]     1.0000758  1.0003333
loglik[53]     1.0002023  1.0002686
loglik[54]     1.0005793  1.0029132
loglik[55]     1.0001670  1.0002380
loglik[56]     1.0002305  1.0011799
loglik[57]     0.9998647  1.0000638
loglik[58]     0.9998275  1.0001594
loglik[59]     0.9998583  0.9999803
loglik[60]     1.0000318  1.0001174
loglik[61]     1.0001964  1.0002083
loglik[62]     1.0000207  1.0008514
loglik[63]     0.9999555  1.0000175
loglik[64]     0.9999095  0.9999860
loglik[65]     1.0006771  1.0033090
loglik[66]     1.0003811  1.0008452
loglik[67]     1.0001739  1.0003194
loglik[68]     0.9998275  0.9999469
loglik[69]     1.0001263  1.0011303
loglik[70]     1.0000258  1.0006711
loglik[71]     1.0000963  1.0003770
loglik[72]     1.0000734  1.0001868
loglik[73]     0.9999283  1.0000466
loglik[74]     1.0000724  1.0001639
loglik[75]     0.9998880  1.0000289
loglik[76]     0.9999423  1.0005431
loglik[77]     0.9998606  0.9999812
loglik[78]     1.0003818  1.0010961
loglik[79]     1.0001411  1.0011369
loglik[80]     0.9999413  1.0005075
loglik[81]     1.0000695  1.0001099
loglik[82]     1.0000799  1.0001694
loglik[83]     0.9999406  1.0000427
loglik[84]     1.0002006  1.0003302
loglik[85]     1.0000031  1.0000931
loglik[86]     1.0000779  1.0002426
loglik[87]     1.0001453  1.0004707
loglik[88]     1.0001541  1.0011422
loglik[89]     0.9999461  1.0006655
loglik[90]     0.9998505  1.0003317
loglik[91]     1.0003033  1.0013175
loglik[92]     1.0001852  1.0003942
loglik[93]     0.9999213  1.0000524
loglik[94]     1.0001862  1.0012137
loglik[95]     0.9998817  0.9999949
loglik[96]     0.9997927  0.9999281
loglik[97]     1.0005150  1.0008830
loglik[98]     1.0000435  1.0009485
loglik[99]     0.9997907  1.0000524
loglik[100]    0.9997978  1.0000605
loglik[101]    0.9998611  0.9999169
loglik[102]    1.0002859  1.0013208
loglik[103]    1.0000394  1.0001212
loglik[104]    1.0001992  1.0002269
loglik[105]    1.0000170  1.0001042
loglik[106]    0.9999942  1.0001261
loglik[107]    0.9999004  1.0000097
loglik[108]    1.0000663  1.0002669
loglik[109]    1.0007633  1.0035161
loglik[110]    1.0005374  1.0028079
loglik[111]    1.0004078  1.0023464
loglik[112]    1.0000201  1.0008960
loglik[113]    1.0001095  1.0001137
loglik[114]    1.0004072  1.0022381
loglik[115]    1.0001591  1.0009624
loglik[116]    0.9998536  1.0000835
loglik[117]    1.0001774  1.0003621
loglik[118]    1.0001568  1.0003268
loglik[119]    1.0000275  1.0009351
loglik[120]    0.9999854  1.0000217
loglik[121]    0.9998573  1.0003170
loglik[122]    0.9998635  1.0000026
loglik[123]    1.0003192  1.0017540
loglik[124]    1.0004373  1.0024950
loglik[125]    1.0001402  1.0011096
loglik[126]    0.9999677  1.0000919
loglik[127]    1.0004078  1.0023942
loglik[128]    0.9999732  0.9999974
loglik[129]    0.9999326  0.9999354
loglik[130]    1.0000447  1.0009568
loglik[131]    1.0002718  1.0007163
loglik[132]    1.0003167  1.0019541
loglik[133]    1.0001117  1.0010437
loglik[134]    0.9997070  0.9997757
loglik[135]    1.0005559  1.0028485
loglik[136]    0.9999743  1.0004677
loglik[137]    1.0002247  1.0016832
loglik[138]    1.0006589  1.0032300
loglik[139]    1.0000313  1.0008946
loglik[140]    1.0004280  1.0024405
loglik[141]    1.0000927  1.0000981
loglik[142]    1.0000903  1.0011895
loglik[143]    0.9998923  1.0004765
loglik[144]    1.0002243  1.0010626
loglik[145]    1.0000570  1.0004011
loglik[146]    0.9999308  1.0000760
loglik[147]    1.0001053  1.0001569
loglik[148]    0.9998787  0.9998997
loglik[149]    1.0000096  1.0007824
loglik[150]    1.0000502  1.0009781
loglik[151]    1.0006051  1.0030002
loglik[152]    1.0005580  1.0023766
loglik[153]    1.0001263  1.0012500
loglik[154]    1.0005739  1.0024452
loglik[155]    0.9998264  0.9998714
loglik[156]    1.0004493  1.0020619
loglik[157]    1.0003783  1.0017642
loglik[158]    1.0004985  1.0007735
loglik[159]    1.0006902  1.0011812
loglik[160]    1.0000812  1.0004456
loglik[161]    1.0006514  1.0022242
loglik[162]    1.0008537  1.0033574
loglik[163]    1.0009978  1.0029387
loglik[164]    1.0000170  1.0008460
loglik[165]    1.0000187  1.0009595
loglik[166]    1.0004364  1.0008658
loglik[167]    1.0013201  1.0044777
loglik[168]    1.0012738  1.0042823
loglik[169]    1.0008934  1.0022946
loglik[170]    1.0005526  1.0009784
loglik[171]    1.0000764  1.0009671
loglik[172]    1.0003854  1.0019521
loglik[173]    1.0003139  1.0003682
loglik[174]    1.0000788  1.0004949
loglik[175]    1.0000614  1.0007995
loglik[176]    1.0007737  1.0027110
loglik[177]    1.0007309  1.0013971
loglik[178]    1.0006599  1.0017314
loglik[179]    1.0004528  1.0018712
loglik[180]    0.9997540  0.9998363
loglik[181]    1.0011448  1.0041369
loglik[182]    1.0006578  1.0008299
loglik[183]    1.0004315  1.0019368
loglik[184]    0.9999729  1.0000725
loglik[185]    0.9999572  1.0000291
loglik[186]    1.0009640  1.0034728
loglik[187]    1.0009985  1.0035317
loglik[188]    1.0002968  1.0017442
loglik[189]    1.0015507  1.0040433
loglik[190]    1.0006203  1.0022846
loglik[191]    0.9998493  1.0001438
loglik[192]    1.0004219  1.0004685
loglik[193]    1.0000445  1.0001952
loglik[194]    1.0002611  1.0002898
loglik[195]    1.0002100  1.0009392
loglik[196]    1.0002142  1.0014974
loglik[197]    1.0002370  1.0002372
loglik[198]    1.0003454  1.0018892
loglik[199]    1.0002646  1.0014184
loglik[200]    1.0013634  1.0045204
loglik[201]    0.9998792  1.0003831
loglik[202]    0.9997929  1.0001203
loglik[203]    0.9997550  0.9998893
loglik[204]    0.9999495  1.0002555
loglik[205]    0.9998639  1.0000692
loglik[206]    1.0003680  1.0005028
loglik[207]    1.0003271  1.0011523
loglik[208]    1.0002638  1.0006785
loglik[209]    1.0006375  1.0022111
loglik[210]    1.0005955  1.0007915
loglik[211]    1.0000169  1.0003909
loglik[212]    1.0013771  1.0039434
loglik[213]    1.0003313  1.0003859
loglik[214]    1.0003952  1.0020077
loglik[215]    1.0002826  1.0012312
loglik[216]    0.9998316  1.0000780
loglik[217]    1.0006021  1.0019307
loglik[218]    0.9997823  0.9998830
loglik[219]    1.0000521  1.0008726
loglik[220]    1.0000342  1.0005399
loglik[221]    1.0007124  1.0008349
loglik[222]    1.0005329  1.0015765
loglik[223]    1.0004909  1.0013990
loglik[224]    1.0015770  1.0045303
loglik[225]    1.0007541  1.0028444
loglik[226]    1.0010613  1.0038277
loglik[227]    1.0013855  1.0043189
loglik[228]    0.9997958  1.0000834
loglik[229]    1.0011602  1.0031976
loglik[230]    1.0007831  1.0023559
loglik[231]    1.0002373  1.0015546
loglik[232]    1.0006953  1.0023088
loglik[233]    1.0006396  1.0016972
loglik[234]    1.0001472  1.0003014
loglik[235]    1.0006037  1.0011873
loglik[236]    1.0011670  1.0039644
loglik[237]    1.0006379  1.0019032
loglik[238]    1.0014693  1.0046419
loglik[239]    1.0004489  1.0017202
p.fac1[1,1]    1.1555976  1.2427348
p.fac1[2,1]    1.1590020  1.2334272
p.fac1[1,2]    1.0008871  1.0038942
p.fac1[2,2]    0.9998044  1.0001470
p.fac1[1,3]    1.0004635  1.0025497
p.fac1[2,3]    0.9999046  1.0000105
p.fac1[1,4]    1.0014400  1.0020127
p.fac1[2,4]    1.0022308  1.0026169
p.global[1]    1.1555976  1.2427348
p.global[2]    1.0008871  1.0038942
p.global[3]    1.0004635  1.0025497
p.global[4]    1.0014400  1.0020127
resid.prop[1]  1.0016463  1.0051901
resid.prop[2]  1.0022711  1.0080132

################################################################################
# Geweke Diagnostic
################################################################################
The Geweke diagnostic is a standard z-score, so we'd expect 5% to be outside +/-1.96
Number of variables outside +/-1.96 in each chain (out of 
260
):

       Chain 1 Chain 2 Chain 3
Geweke      43      13      40

And here are the Geweke diagnostics for all variables:


